! name array 4.0 m 1.0
  #22   -113.789   -24.932   -3.084
  #09   -113.794   -28.981   -3.001
  #10   -113.791   -32.972   -2.976
  #49   -113.789   -36.965   -2.920
  #41    -83.909   -24.730   -3.085
  #03    -83.781   -28.747   -3.042
  #58    -83.743   -32.693   -3.005
  #61    -83.719   -36.698   -2.950
  #47    -53.857   -24.562   -3.003
  #25    -53.837   -28.586   -2.948
  #01    -53.760   -32.566   -2.920
  #35    -53.776   -36.593   -2.901
  #19    -23.879   -24.409   -3.006
  #48    -23.891   -28.409   -2.978
  #04    -23.821   -32.437   -2.941
  #18    -23.783   -36.431   -2.892
  #29      6.135   -24.204   -3.028
  #24      6.199   -28.241   -2.980
  #17      6.247   -32.245   -2.952
  #05      6.224   -36.241   -2.929
  #28     36.288   -24.076   -2.994
  #55     36.314   -28.081   -2.945
  #13     36.329   -32.097   -2.883
  #32     36.305   -36.089   -2.842
  #34     66.205   -23.951   -2.998
  #27     66.254   -27.953   -2.948
  #56     66.299   -31.936   -2.949
  #30     66.253   -35.957   -2.891
  #51     96.226   -23.702   -2.982
  #57     96.227   -27.709   -2.941
  #59     96.273   -31.722   -2.929
  #23     96.284   -35.710   -2.870
