0.069312 0.122742 0.070031 0.534980 
0.069671 0.122742 0.070394 0.534980 
0.070031 0.123406 0.070758 0.534980 
0.070394 0.122742 0.071124 0.534980 
0.070758 0.123406 0.071492 0.531283 
0.071124 0.123406 0.071862 0.537872 
0.071492 0.123406 0.072234 0.537872 
0.071862 0.124073 0.072608 0.537872 
0.072234 0.124073 0.072984 0.540780 
0.072608 0.125418 0.073362 0.540780 
0.072984 0.125418 0.073742 0.543705 
0.073362 0.125418 0.074123 0.543705 
0.073742 0.125418 0.074507 0.546645 
0.074123 0.125418 0.074893 0.546645 
0.074507 0.126096 0.075280 0.549600 
0.074893 0.126096 0.075670 0.549600 
0.075280 0.126778 0.076062 0.549600 
0.075670 0.126778 0.076455 0.552572 
0.076062 0.126778 0.076851 0.552572 
0.076455 0.127464 0.077249 0.555560 
0.076851 0.127464 0.077649 0.555560 
0.077249 0.128153 0.078051 0.555560 
0.077649 0.128153 0.078455 0.558564 
0.078051 0.128153 0.078861 0.558564 
0.078455 0.129542 0.079269 0.561584 
0.078861 0.129542 0.079679 0.561584 
0.079269 0.129542 0.080092 0.564620 
0.079679 0.130243 0.080506 0.564620 
0.080092 0.130243 0.080923 0.567673 
0.080506 0.130243 0.081342 0.567673 
0.080923 0.130243 0.081763 0.567673 
0.081342 0.130947 0.082186 0.570743 
0.081763 0.130947 0.082611 0.570743 
0.082186 0.131655 0.083039 0.573829 
0.082611 0.131655 0.083469 0.573829 
0.083039 0.131655 0.083901 0.573829 
0.083469 0.132367 0.084335 0.576931 
0.083901 0.132367 0.084772 0.576931 
0.084335 0.133083 0.085210 0.580051 
0.084772 0.133083 0.085652 0.580051 
0.085210 0.133802 0.086095 0.583187 
0.085652 0.133802 0.086541 0.583187 
0.086095 0.134526 0.086989 0.583187 
0.086541 0.134526 0.087439 0.586340 
0.086989 0.134526 0.087891 0.586340 
0.087439 0.135253 0.088346 0.589511 
0.087891 0.135253 0.088803 0.589511 
0.088346 0.135253 0.089263 0.592698 
0.088803 0.136720 0.089725 0.592698 
0.089263 0.136720 0.090190 0.592698 
0.089725 0.137459 0.090657 0.595903 
0.090190 0.137459 0.091126 0.595903 
0.090657 0.137459 0.091597 0.599125 
0.091126 0.137459 0.092072 0.599125 
0.091597 0.137459 0.092548 0.602365 
0.092072 0.138202 0.093027 0.602365 
0.092548 0.138202 0.093509 0.602365 
0.093027 0.138950 0.093993 0.605622 
0.093509 0.139701 0.094479 0.605622 
0.093993 0.139701 0.094968 0.608896 
0.094479 0.140456 0.095460 0.608896 
0.094968 0.139701 0.095954 0.612189 
0.095460 0.140456 0.096451 0.612189 
0.095954 0.140456 0.096950 0.612189 
0.096451 0.141216 0.097452 0.615499 
0.096950 0.141216 0.097956 0.615499 
0.097452 0.141216 0.098463 0.618827 
0.097956 0.141979 0.098973 0.618827 
0.098463 0.141979 0.099485 0.622173 
0.098973 0.141979 0.100000 0.622173 
0.099485 0.142747 0.100518 0.622173 
0.100000 0.142747 0.101038 0.625537 
0.100518 0.143519 0.101561 0.625537 
0.101038 0.144295 0.102087 0.628919 
0.101561 0.144295 0.102615 0.628919 
0.102087 0.145075 0.103146 0.632320 
0.102615 0.145075 0.103680 0.632320 
0.103146 0.145075 0.104217 0.632320 
0.103680 0.145075 0.104756 0.635739 
0.104217 0.145859 0.105298 0.635739 
0.104756 0.145859 0.105843 0.639176 
0.105298 0.145859 0.106391 0.639176 
0.105843 0.146648 0.106942 0.639176 
0.106391 0.147441 0.107495 0.642632 
0.106942 0.147441 0.108052 0.646107 
0.107495 0.147441 0.108611 0.649601 
0.108052 0.148238 0.109173 0.653113 
0.108611 0.149040 0.109738 0.656644 
0.109173 0.150656 0.110306 0.663764 
0.109738 0.151470 0.110877 0.670962 
0.110306 0.153113 0.111451 0.670962 
0.110877 0.153113 0.112028 0.674590 
0.111451 0.153941 0.112608 0.681904 
0.112028 0.155610 0.113191 0.685592 
0.112608 0.156451 0.113777 0.693026 
0.113191 0.158148 0.114366 0.696773 
0.113777 0.158148 0.114958 0.696773 
0.114366 0.159863 0.115553 0.704328 
0.114958 0.160727 0.116151 0.708137 
0.115553 0.161596 0.116752 0.711966 
0.116151 0.163348 0.117356 0.720549 
0.116752 0.164232 0.117964 0.727489 
0.117356 0.166012 0.118574 0.735378 
0.117964 0.166910 0.119188 0.735378 
0.118574 0.167813 0.119805 0.735378 
0.119188 0.168720 0.120425 0.743352 
0.119805 0.170549 0.121049 0.751412 
0.120425 0.170549 0.121675 0.759560 
0.121049 0.172399 0.122305 0.755475 
0.121675 0.174268 0.122938 0.759560 
0.122305 0.175210 0.123574 0.767796 
0.122938 0.176158 0.124214 0.771947 
0.123574 0.177110 0.124857 0.776121 
0.124214 0.178068 0.125503 0.780318 
0.124857 0.179999 0.126153 0.788779 
0.125503 0.180972 0.126806 0.801644 
0.126153 0.182934 0.127462 0.801644 
0.126806 0.183923 0.128122 0.810336 
0.127462 0.185918 0.128785 0.805978 
0.128122 0.185918 0.129452 0.814717 
0.128785 0.187934 0.130122 0.828004 
0.129452 0.188950 0.130795 0.828004 
0.130122 0.189972 0.131472 0.832482 
0.130795 0.193070 0.132153 0.836983 
0.131472 0.194114 0.132837 0.841508 
0.132153 0.194114 0.133525 0.846059 
0.132837 0.196219 0.134216 0.850633 
0.133525 0.197279 0.134910 0.859857 
0.134216 0.198346 0.135609 0.864506 
0.134910 0.199419 0.136310 0.873880 
0.135609 0.201581 0.137016 0.883356 
0.136310 0.203767 0.137725 0.892935 
0.137016 0.204869 0.138438 0.888132 
0.137725 0.204869 0.139155 0.900187 
0.138438 0.208210 0.139875 0.902617 
0.139155 0.208210 0.140599 0.907498 
0.139875 0.210467 0.141327 0.917338 
0.140599 0.211605 0.142058 0.917338 
0.141327 0.213900 0.142794 0.922298 
0.142058 0.213900 0.143533 0.927285 
0.142794 0.216219 0.144276 0.937340 
0.143533 0.217389 0.145022 0.942408 
0.144276 0.218564 0.145773 0.947503 
0.145022 0.220934 0.146527 0.952627 
0.145773 0.222129 0.147286 0.968163 
0.146527 0.224537 0.148048 0.968163 
0.147286 0.225751 0.148815 0.973398 
0.148048 0.226972 0.149585 0.978661 
0.148815 0.229433 0.150359 0.994622 
0.149585 0.229433 0.151137 1.000000 
0.150359 0.230673 0.151920 1.000000 
0.151137 0.231921 0.152706 1.010843 
0.151920 0.234436 0.153497 1.010843 
0.152706 0.235703 0.154291 1.005407 
0.153497 0.236978 0.155090 1.005407 
0.154291 0.236978 0.155892 1.010843 
0.155090 0.238259 0.156699 1.010843 
0.155892 0.239547 0.157510 1.016309 
0.156699 0.239547 0.158326 1.021804 
0.157510 0.240842 0.159145 1.021804 
0.158326 0.242145 0.159969 1.016309 
0.159145 0.243454 0.160797 1.021804 
0.159969 0.244770 0.161629 1.027329 
0.160797 0.244770 0.162466 1.021804 
0.161629 0.246094 0.163307 1.032884 
0.162466 0.246094 0.164152 1.038469 
0.163307 0.247424 0.165002 1.038469 
0.164152 0.247424 0.165856 1.044084 
0.165002 0.250107 0.166714 1.044084 
0.165856 0.250107 0.167577 1.049729 
0.166714 0.251460 0.168445 1.049729 
0.167577 0.252819 0.169317 1.049729 
0.168445 0.252819 0.170193 1.044084 
0.169317 0.254186 0.171074 1.061112 
0.170193 0.255561 0.171959 1.061112 
0.171074 0.255561 0.172849 1.072618 
0.171959 0.258332 0.173744 1.072617 
0.172849 0.258332 0.174643 1.066849 
0.173744 0.259729 0.175548 1.072617 
0.174643 0.261133 0.176456 1.072617 
0.175548 0.261133 0.177370 1.078417 
0.176456 0.261133 0.178288 1.078417 
0.177370 0.263965 0.179210 1.084248 
0.178288 0.263965 0.180138 1.084248 
0.179210 0.265392 0.181071 1.090111 
0.180138 0.266827 0.182008 1.096005 
0.181071 0.266827 0.182950 1.096005 
0.182008 0.268270 0.183897 1.101931 
0.182950 0.269720 0.184849 1.101931 
0.183897 0.269720 0.185805 1.101931 
0.184849 0.271179 0.186767 1.107889 
0.185805 0.272645 0.187734 1.107889 
0.186767 0.272645 0.188706 1.113880 
0.187734 0.275601 0.189682 1.119903 
0.188706 0.275601 0.190664 1.113880 
0.189682 0.277091 0.191651 1.119903 
0.190664 0.278590 0.192643 1.119903 
0.191651 0.278590 0.193640 1.125958 
0.192643 0.280096 0.194643 1.125958 
0.193640 0.281610 0.195650 1.132046 
0.194643 0.281610 0.196663 1.132046 
0.195650 0.283133 0.197681 1.138167 
0.196663 0.284664 0.198704 1.144321 
0.197681 0.286203 0.199732 1.144321 
0.198704 0.286203 0.200766 1.150509 
0.199732 0.287751 0.201806 1.156730 
0.200766 0.287751 0.202850 1.156730 
0.201806 0.290871 0.203900 1.162984 
0.202850 0.290871 0.204955 1.162984 
0.203900 0.290871 0.206016 1.169272 
0.204955 0.292444 0.207082 1.169272 
0.206016 0.294025 0.208155 1.175595 
0.207082 0.294025 0.209232 1.181951 
0.208155 0.295615 0.210315 1.181951 
0.209232 0.297213 0.211403 1.188342 
0.210315 0.298820 0.212498 1.194768 
0.211403 0.300436 0.213597 1.194768 
0.212498 0.300436 0.214703 1.201228 
0.213597 0.302060 0.215815 1.207723 
0.214703 0.302060 0.216932 1.207723 
0.215815 0.303694 0.218054 1.207723 
0.216932 0.303694 0.219183 1.214253 
0.218054 0.305336 0.220318 1.220819 
0.219183 0.306987 0.221458 1.220819 
0.220318 0.306987 0.222605 1.227419 
0.221458 0.310315 0.223757 1.234056 
0.222605 0.310315 0.224915 1.234056 
0.223757 0.310315 0.226079 1.240729 
0.224915 0.311993 0.227249 1.247437 
0.226079 0.313680 0.228425 1.247437 
0.227249 0.313680 0.229608 1.254182 
0.228425 0.315376 0.230796 1.254182 
0.229608 0.317081 0.231991 1.260964 
0.230796 0.317081 0.233192 1.260964 
0.231991 0.320520 0.234399 1.267782 
0.233192 0.322253 0.235612 1.274637 
0.234399 0.322253 0.236831 1.274637 
0.235612 0.322253 0.238058 1.281529 
0.236831 0.323995 0.239290 1.288458 
0.238058 0.325747 0.240528 1.288458 
0.239290 0.327508 0.241773 1.295425 
0.240528 0.327508 0.243024 1.302429 
0.241773 0.329279 0.244282 1.302429 
0.243024 0.329279 0.245547 1.302429 
0.244282 0.331060 0.246818 1.309471 
0.245547 0.331060 0.248096 1.316552 
0.246818 0.334649 0.249380 1.316552 
0.248096 0.334649 0.250670 1.323670 
0.249380 0.338278 0.251968 1.330827 
0.250670 0.338278 0.253272 1.330827 
0.251968 0.341946 0.254583 1.330827 
0.253272 0.345654 0.255901 1.338023 
0.254583 0.345654 0.257225 1.345258 
0.255901 0.349402 0.258557 1.345258 
0.257225 0.351291 0.259895 1.352532 
0.258557 0.353191 0.261240 1.359845 
0.259895 0.353191 0.262593 1.359845 
0.261240 0.357021 0.263952 1.359845 
0.262593 0.358951 0.265318 1.367198 
0.263952 0.360892 0.266691 1.374590 
0.265318 0.364805 0.268072 1.374590 
0.266691 0.366778 0.269459 1.382023 
0.268072 0.370755 0.270854 1.389495 
0.269459 0.372759 0.272256 1.389495 
0.270854 0.374775 0.273665 1.389495 
0.272256 0.376801 0.275082 1.397008 
0.273665 0.378839 0.276506 1.404562 
0.275082 0.382947 0.277937 1.404562 
0.276506 0.385017 0.279375 1.412157 
0.277937 0.387099 0.280821 1.412157 
0.279375 0.389192 0.282275 1.419792 
0.280821 0.391296 0.283736 1.419792 
0.282275 0.397678 0.285205 1.427469 
0.283736 0.397678 0.286681 1.435188 
0.285205 0.399828 0.288165 1.435188 
0.286681 0.401990 0.289656 1.442948 
0.288165 0.406349 0.291156 1.442948 
0.289656 0.408546 0.292663 1.450750 
0.291156 0.410755 0.294178 1.450750 
0.292663 0.412976 0.295700 1.466481 
0.294178 0.415209 0.297231 1.466481 
0.295700 0.415209 0.298769 1.482383 
0.297231 0.419711 0.300316 1.482383 
0.298769 0.419711 0.301871 1.490398 
0.300316 0.424263 0.303433 1.498457 
0.301871 0.424263 0.305004 1.506558 
0.303433 0.424263 0.306582 1.514704 
0.305004 0.426557 0.308169 1.522894 
0.306582 0.428863 0.309764 1.531129 
0.308169 0.428863 0.311368 1.539408 
0.309764 0.428863 0.312980 1.547731 
0.311368 0.433513 0.314599 1.556100 
0.312980 0.433513 0.316228 1.564514 
0.314599 0.433513 0.317864 1.564514 
0.316228 0.438214 0.319510 1.581478 
0.317864 0.438214 0.321163 1.581478 
0.319510 0.438214 0.322826 1.598627 
0.321163 0.438214 0.324497 1.598627 
0.322826 0.440583 0.326177 1.615961 
0.324497 0.442966 0.327865 1.615961 
0.326177 0.442966 0.329562 1.633483 
0.327865 0.445361 0.331268 1.633483 
0.329562 0.447769 0.332983 1.651196 
0.331268 0.447769 0.334706 1.651196 
0.332983 0.447769 0.336439 1.669100 
0.334706 0.450190 0.338180 1.669100 
0.336439 0.452624 0.339930 1.687199 
0.338180 0.452624 0.341690 1.687199 
0.339930 0.457532 0.343458 1.696322 
0.341690 0.457532 0.345237 1.696322 
0.343458 0.460006 0.347024 1.705494 
0.345237 0.462493 0.348820 1.705494 
0.347024 0.464994 0.350625 1.714715 
0.348820 0.467508 0.352440 1.714715 
0.350625 0.472578 0.354264 1.723986 
0.352440 0.475133 0.356098 1.723986 
0.354264 0.477702 0.357941 1.733308 
0.356098 0.480285 0.359794 1.733308 
0.357941 0.485493 0.361656 1.742680 
0.359794 0.488118 0.363528 1.742680 
0.361656 0.493411 0.365410 1.742680 
0.363528 0.496078 0.367301 1.752103 
0.365410 0.501458 0.369203 1.752103 
0.367301 0.504169 0.371114 1.761577 
0.369203 0.506895 0.373035 1.761577 
0.371114 0.512391 0.374965 1.771102 
0.373035 0.515162 0.376906 1.771102 
0.374965 0.517947 0.378857 1.780678 
0.376906 0.520748 0.380818 1.780678 
0.378857 0.523564 0.382789 1.790306 
0.380818 0.529241 0.384771 1.790306 
0.382789 0.532102 0.386762 1.799987 
0.384771 0.537872 0.388764 1.799987 
0.386762 0.537872 0.390776 1.819505 
0.388764 0.543705 0.392799 1.819505 
0.390776 0.543705 0.394833 1.829342 
0.392799 0.549600 0.396876 1.839234 
0.394833 0.549600 0.398930 1.839234 
0.396876 0.555560 0.400995 1.859178 
0.398930 0.555560 0.403070 1.859178 
0.400995 0.561584 0.405157 1.859178 
0.403070 0.561584 0.407254 1.879337 
0.405157 0.567673 0.409362 1.879337 
0.407254 0.567673 0.411481 1.899716 
0.409362 0.576931 0.413611 1.899716 
0.411481 0.576931 0.415752 1.899716 
0.413611 0.583187 0.417903 1.920315 
0.415752 0.586340 0.420066 1.920315 
0.417903 0.586340 0.422242 1.930698 
0.420066 0.589511 0.424427 1.941137 
0.422242 0.592698 0.426624 1.941137 
0.424427 0.595903 0.428832 1.962186 
0.426624 0.599125 0.431051 1.962186 
0.428832 0.599125 0.433282 1.972795 
0.431051 0.605622 0.435525 1.983462 
0.433282 0.608896 0.437780 1.983462 
0.435525 0.608896 0.440046 1.994187 
0.437780 0.615499 0.442323 2.004969 
0.440046 0.622173 0.444613 2.004969 
0.442323 0.625537 0.446914 2.015810 
0.444613 0.625537 0.449227 2.026710 
0.446914 0.632320 0.451553 2.026710 
0.449227 0.635739 0.453890 2.026710 
0.451553 0.642632 0.456240 2.037668 
0.453890 0.646107 0.458601 2.048686 
0.456240 0.649601 0.460975 2.048686 
0.458601 0.656644 0.463360 2.059763 
0.460975 0.660195 0.465759 2.070901 
0.463360 0.663764 0.468170 2.070901 
0.465759 0.667353 0.470594 2.082098 
0.468170 0.670962 0.473029 2.093356 
0.470594 0.674590 0.475478 2.093356 
0.473029 0.681905 0.477938 2.093356 
0.475478 0.685592 0.480412 2.104675 
0.477938 0.689299 0.482900 2.116055 
0.480412 0.693026 0.485399 2.116055 
0.482900 0.696773 0.487911 2.127496 
0.485399 0.700541 0.490437 2.139000 
0.487911 0.704328 0.492975 2.139000 
0.490437 0.708137 0.495527 2.150565 
0.492975 0.711966 0.498091 2.150565 
0.495527 0.711966 0.500670 2.162194 
0.498091 0.715815 0.503262 2.162194 
0.500670 0.719686 0.505867 2.173885 
0.503262 0.719686 0.508485 2.185639 
0.505867 0.723577 0.511117 2.185639 
0.508485 0.727489 0.513762 2.197457 
0.511117 0.727489 0.516421 2.209339 
0.513762 0.731423 0.519095 2.209339 
0.516421 0.731423 0.521782 2.221284 
0.519095 0.731423 0.524482 2.233295 
0.521782 0.735378 0.527197 2.233295 
0.524482 0.739354 0.529926 2.233295 
0.527197 0.743352 0.532668 2.245370 
0.529926 0.743352 0.535427 2.257511 
0.532668 0.751412 0.538198 2.257511 
0.535427 0.751412 0.540983 2.269718 
0.538198 0.759560 0.543783 2.281990 
0.540983 0.759560 0.546598 2.281990 
0.543783 0.763667 0.549427 2.294329 
0.546598 0.767796 0.552271 2.306734 
0.549427 0.771947 0.555130 2.306734 
0.552271 0.776121 0.558004 2.306734 
0.555130 0.784537 0.560892 2.319207 
0.558004 0.788779 0.563795 2.331747 
0.560892 0.793044 0.566713 2.331747 
0.563795 0.793044 0.569646 2.344355 
0.566713 0.801644 0.572596 2.357031 
0.569646 0.801644 0.575559 2.357031 
0.572596 0.805978 0.578538 2.369775 
0.575559 0.810336 0.581533 2.382589 
0.578538 0.819123 0.584542 2.382589 
0.581533 0.823551 0.587568 2.395471 
0.584542 0.832482 0.590609 2.408424 
0.587568 0.832482 0.593667 2.408424 
0.590609 0.841508 0.596740 2.421447 
0.593667 0.855233 0.599828 2.434540 
0.596740 0.850633 0.602933 2.434540 
0.599828 0.859857 0.606054 2.447704 
0.602933 0.869181 0.609190 2.460938 
0.606054 0.873880 0.612345 2.460938 
0.609190 0.878605 0.615514 2.474245 
0.612345 0.888132 0.618700 2.487623 
0.615514 0.897763 0.621902 2.487623 
0.618700 0.897763 0.625121 2.501074 
0.621902 0.907498 0.628356 2.514597 
0.625121 0.917338 0.631609 2.514597 
0.628356 0.922298 0.634879 2.528194 
0.631609 0.927285 0.638165 2.541864 
0.634879 0.932299 0.641468 2.541864 
0.638165 0.942408 0.644788 2.555608 
0.641468 0.942408 0.648125 2.569426 
0.644788 0.952627 0.651480 2.569426 
0.648125 0.952627 0.654852 2.597286 
0.651480 0.962956 0.658243 2.597286 
0.654852 0.968163 0.661650 2.611330 
0.658243 0.968163 0.665074 2.625450 
0.661650 0.978661 0.668516 2.625450 
0.665074 0.983953 0.671976 2.639646 
0.668516 0.989273 0.675454 2.653918 
0.671976 0.994622 0.678952 2.653918 
0.675454 1.005407 0.682466 2.682696 
0.678952 1.005407 0.685998 2.682696 
0.682466 1.010843 0.689549 2.697201 
0.685998 1.021804 0.693118 2.711785 
0.689549 1.021804 0.696705 2.711785 
0.693118 1.032884 0.700311 2.741190 
0.696705 1.044084 0.703937 2.741190 
0.700311 1.049729 0.707581 2.756011 
0.703937 1.055405 0.711243 2.770913 
0.707581 1.066849 0.714924 2.770913 
0.711243 1.072617 0.718624 2.800959 
0.714924 1.072617 0.722344 2.800959 
0.718624 1.078417 0.726084 2.816104 
0.722344 1.084248 0.729842 2.831331 
0.726084 1.084248 0.733620 2.831331 
0.729842 1.090111 0.737417 2.846640 
0.733620 1.096005 0.741233 2.862032 
0.737417 1.096005 0.745070 2.862032 
0.741233 1.107889 0.748926 2.893066 
0.745070 1.107889 0.752804 2.893066 
0.748926 1.119903 0.756700 2.893066 
0.752804 1.119903 0.760617 2.924436 
0.756700 1.125958 0.764554 2.924436 
0.760617 1.125958 0.768511 2.940248 
0.764554 1.125958 0.772488 2.956147 
0.768511 1.138167 0.776488 2.956147 
0.772488 1.138167 0.780507 2.972131 
0.776488 1.156730 0.784547 2.988201 
0.780507 1.162984 0.788608 2.988201 
0.784547 1.175595 0.792689 3.004359 
0.788608 1.175595 0.796792 3.020603 
0.792689 1.188342 0.800916 3.020603 
0.796792 1.194768 0.805063 3.053357 
0.800916 1.194768 0.809230 3.053357 
0.805063 1.207723 0.813418 3.069867 
0.809230 1.220819 0.817628 3.086466 
0.813418 1.227419 0.821860 3.086466 
0.817628 1.227419 0.826114 3.086466 
0.821860 1.240728 0.830392 3.103154 
0.826114 1.247437 0.834690 3.103154 
0.830392 1.254182 0.839010 3.119933 
0.834690 1.267782 0.843352 3.119933 
0.839010 1.274637 0.847717 3.119933 
0.843352 1.281529 0.852105 3.136802 
0.847717 1.295425 0.856515 3.136802 
0.852105 1.302429 0.860950 3.153764 
0.856515 1.316552 0.865406 3.153764 
0.860950 1.323670 0.869885 3.187960 
0.865406 1.330827 0.874388 3.187960 
0.869885 1.338023 0.878913 3.205197 
0.874388 1.359845 0.883462 3.222528 
0.878913 1.367198 0.888035 3.239952 
0.883462 1.374590 0.892633 3.257471 
0.888035 1.389495 0.897253 3.275084 
0.892633 1.397009 0.901897 3.292793 
0.897253 1.412157 0.906565 3.310597 
0.901897 1.412157 0.911257 3.328498 
0.906565 1.419792 0.915974 3.346496 
0.911257 1.435188 0.920717 3.364590 
0.915974 1.450750 0.925482 3.382782 
0.920717 1.450750 0.930272 3.419462 
0.925482 1.458594 0.935087 3.437951 
0.930272 1.466481 0.939927 3.456540 
0.935087 1.482383 0.944792 3.475230 
0.939927 1.482383 0.949682 3.494021 
0.944792 1.498457 0.954599 3.512913 
0.949682 1.498457 0.959540 3.551005 
0.954599 1.506558 0.964506 3.551005 
0.959540 1.522894 0.969498 3.589510 
0.964506 1.531129 0.974516 3.589510 
0.969498 1.556100 0.979560 3.608918 
0.974516 1.564514 0.984632 3.628431 
0.979560 1.572973 0.989728 3.628431 
0.984632 1.581479 0.994851 3.667775 
0.989728 1.598627 1.000000 3.667775 
0.994851 1.615961 1.005176 3.687607 
1.000000 1.642316 1.010378 3.707546 
1.005176 1.651196 1.015608 3.707546 
1.010378 1.660124 1.020867 3.727593 
1.015608 1.669100 1.026150 3.727593 
1.020867 1.669100 1.031461 3.747748 
1.026150 1.687199 1.036800 3.747748 
1.031461 1.687199 1.042166 3.768012 
1.036800 1.696322 1.047560 3.768012 
1.042166 1.705494 1.052985 3.788387 
1.047560 1.705494 1.058435 3.788387 
1.052985 1.723986 1.063913 3.829465 
1.058435 1.733308 1.069419 3.829465 
1.063913 1.742680 1.074954 3.870990 
1.069419 1.761577 1.080518 3.870990 
1.074954 1.771102 1.086110 3.912964 
1.080518 1.799987 1.091734 3.912964 
1.086110 1.819505 1.097385 3.912964 
1.091734 1.839234 1.103065 3.955394 
1.097385 1.849179 1.108774 3.955394 
1.103065 1.869230 1.114513 3.998283 
1.108774 1.869230 1.120281 3.998283 
1.114513 1.899716 1.126082 4.041638 
1.120281 1.899716 1.131910 4.041638 
1.126082 1.909987 1.137769 4.085463 
1.131910 1.920315 1.143658 4.085463 
1.137769 1.930698 1.149577 4.129763 
1.143658 1.941137 1.155527 4.129763 
1.149577 1.941137 1.161507 4.152092 
1.155527 1.962186 1.167522 4.174542 
1.161507 1.962186 1.173565 4.174542 
1.167522 1.983462 1.179639 4.197115 
1.173565 1.983462 1.185744 4.219808 
1.179639 2.004969 1.191881 4.219808 
1.185744 2.004969 1.198050 4.265565 
1.191881 2.026710 1.204251 4.265565 
1.198050 2.026710 1.210487 4.288629 
1.204251 2.037668 1.216752 4.311818 
1.210487 2.059764 1.223049 4.335132 
1.216752 2.082098 1.229380 4.358573 
1.223049 2.082098 1.235743 4.405834 
1.229380 2.104675 1.242138 4.405834 
1.235743 2.116055 1.248570 4.453607 
1.242138 2.127496 1.255033 4.453607 
1.248570 2.150565 1.261528 4.477688 
1.255033 2.173885 1.268058 4.501899 
1.261528 2.185639 1.274621 4.501899 
1.268058 2.197457 1.281218 4.526241 
1.274621 2.221285 1.287849 4.550714 
1.281218 2.233295 1.294518 4.550714 
1.287849 2.245370 1.301218 4.575320 
1.294518 2.257511 1.307953 4.624932 
1.301218 2.281990 1.314722 4.675082 
1.307953 2.281990 1.321527 4.675082 
1.314722 2.294329 1.328367 4.725776 
1.321527 2.306734 1.335245 4.777018 
1.328367 2.319207 1.342156 4.802848 
1.335245 2.331747 1.349103 4.802848 
1.342156 2.344355 1.356085 4.828818 
1.349103 2.357031 1.363104 4.828818 
1.356085 2.382589 1.370159 4.828818 
1.363104 2.408424 1.377251 4.854927 
1.370159 2.434539 1.384382 4.854927 
1.377251 2.460938 1.391547 4.854927 
1.384382 2.474245 1.398750 4.907571 
1.391547 2.501074 1.405989 4.934106 
1.398750 2.528194 1.413266 4.960785 
1.405989 2.541864 1.420581 4.987609 
1.413266 2.555608 1.427937 5.041691 
1.420581 2.569426 1.435327 5.068952 
1.427937 2.569426 1.442756 5.068952 
1.435327 2.597286 1.450224 5.123914 
1.442756 2.611330 1.457730 5.123914 
1.450224 2.625449 1.465275 5.151620 
1.457730 2.653918 1.472858 5.179475 
1.465275 2.668268 1.480485 5.179475 
1.472858 2.697201 1.488148 5.207480 
1.480485 2.711785 1.495850 5.235638 
1.488148 2.726448 1.503592 5.263947 
1.495850 2.756011 1.511374 5.292409 
1.503592 2.785895 1.519197 5.349797 
1.511374 2.785895 1.527063 5.378724 
1.519197 2.816104 1.534967 5.407806 
1.527063 2.831331 1.542911 5.407806 
1.534967 2.846640 1.550897 5.466443 
1.542911 2.877507 1.558924 5.466443 
1.550897 2.893066 1.566993 5.525718 
1.558924 2.908709 1.575103 5.525718 
1.566993 2.940249 1.583259 5.525718 
1.575103 2.956147 1.591454 5.585635 
1.583259 2.972131 1.599691 5.585635 
1.591454 2.988201 1.607970 5.646202 
1.599691 3.004358 1.616293 5.646202 
1.607970 3.020603 1.624658 5.707426 
1.616293 3.020603 1.633067 5.707426 
1.624658 3.053357 1.641523 5.738287 
1.633067 3.069867 1.650019 5.769314 
1.641523 3.103154 1.658559 5.800508 
1.650019 3.103154 1.667144 5.831870 
1.658559 3.136803 1.675772 5.895107 
1.667144 3.153763 1.684446 5.895107 
1.675772 3.205197 1.693168 5.959030 
1.684446 3.222528 1.701931 5.959030 
1.693168 3.239952 1.710740 5.959030 
1.701931 3.275084 1.719594 6.023646 
1.710740 3.292793 1.728494 6.056216 
1.719594 3.310597 1.737441 6.121886 
1.728494 3.346496 1.746433 6.121886 
1.737441 3.364590 1.755476 6.188268 
1.746433 3.382782 1.764562 6.255368 
1.755476 3.419462 1.773695 6.289192 
1.764562 3.456540 1.782875 6.289192 
1.773695 3.475230 1.792103 6.357388 
1.782875 3.494021 1.801379 6.357388 
1.792103 3.531908 1.810706 6.426323 
1.801379 3.570206 1.820078 6.426323 
1.810706 3.570206 1.829498 6.426323 
1.820078 3.608918 1.838967 6.496006 
1.829498 3.648050 1.848485 6.496006 
1.838967 3.667775 1.858053 6.566445 
1.848485 3.707546 1.867669 6.601950 
1.858053 3.727593 1.877340 6.637647 
1.867669 3.768013 1.887057 6.673536 
1.877340 3.768013 1.896824 6.745898 
1.887057 3.808871 1.906641 6.782374 
1.896824 3.829465 1.916510 6.782374 
1.906641 3.850172 1.926429 6.855917 
1.916510 3.891920 1.936404 6.855917 
1.926429 3.912964 1.946426 6.892988 
1.936404 3.934121 1.956501 6.930258 
1.946426 3.955394 1.966627 6.967731 
1.956501 3.976781 1.976806 7.043285 
1.966627 4.019902 1.987037 7.043285 
1.976806 4.041638 1.997322 7.119656 
1.987037 4.085463 2.007664 7.196855 
1.997322 4.107554 2.018055 7.235769 
2.007664 4.152092 2.028500 7.274894 
2.018055 4.152092 2.038999 7.314229 
2.028500 4.197114 2.049552 7.314229 
2.038999 4.219808 2.060160 7.393540 
2.049552 4.242625 2.070823 7.393540 
2.060160 4.288629 2.081546 7.473711 
2.070823 4.311818 2.092319 7.514122 
2.081546 4.358573 2.103149 7.554751 
2.092319 4.382140 2.114034 7.554751 
2.103149 4.382140 2.124976 7.595598 
2.114034 4.429656 2.135974 7.595598 
2.124976 4.477687 2.147034 7.636670 
2.135974 4.477687 2.158147 7.636670 
2.147034 4.526240 2.169317 7.677961 
2.158147 4.575320 2.180545 7.761216 
2.169317 4.624932 2.191831 7.803182 
2.180545 4.624932 2.203175 7.845374 
2.191831 4.675082 2.214578 7.930444 
2.203175 4.700360 2.226045 8.016437 
2.214578 4.751328 2.237567 8.016437 
2.226045 4.777018 2.249148 8.103362 
2.237567 4.802848 2.260789 8.147177 
2.249148 4.828817 2.272490 8.191228 
2.260789 4.854927 2.284252 8.235517 
2.272490 4.881178 2.296080 8.280046 
2.284252 4.934106 2.307964 8.369830 
2.296080 4.960785 2.319909 8.415086 
2.307964 5.041691 2.331917 8.460587 
2.319909 5.068951 2.343986 8.552329 
2.331917 5.096359 2.356118 8.598571 
2.343986 5.151619 2.368312 8.691808 
2.356118 5.207480 2.380576 8.691808 
2.368312 5.235637 2.392897 8.738804 
2.380576 5.292409 2.405282 8.786054 
2.392897 5.321026 2.417731 8.833560 
2.405282 5.378724 2.430245 8.881324 
2.417731 5.407806 2.442823 8.977627 
2.430245 5.437046 2.455472 8.977627 
2.442823 5.466443 2.468181 9.074975 
2.455472 5.496000 2.480956 9.074975 
2.468181 5.555596 2.493796 9.173378 
2.480956 5.646202 2.506704 9.173378 
2.493796 5.646202 2.519678 9.272848 
2.506704 5.707427 2.532719 9.322985 
2.519678 5.738287 2.545834 9.373394 
2.532719 5.769314 2.559010 9.424075 
2.545834 5.831870 2.572255 9.526264 
2.559010 5.831870 2.585568 9.577774 
2.572255 5.895107 2.598950 9.629561 
2.585568 5.926982 2.612402 9.681629 
2.598950 5.959030 2.625929 9.733978 
2.612402 5.991251 2.639520 9.786610 
2.625929 6.056216 2.653182 9.839528 
2.639520 6.056216 2.666914 9.892730 
2.653182 6.154987 2.680717 9.946221 
2.666914 6.188268 2.694592 10.054069 
2.680717 6.221728 2.708538 10.108433 
2.694592 6.255368 2.722563 10.163089 
2.708538 6.289192 2.736655 10.218043 
2.722563 6.323198 2.750819 10.328841 
2.736655 6.391762 2.765056 10.328841 
2.750819 6.426323 2.779368 10.440840 
2.765056 6.496006 2.793753 10.440840 
2.779368 6.531131 2.808213 10.554053 
2.793753 6.566445 2.822754 10.554053 
2.808213 6.637647 2.837364 10.611121 
2.822754 6.673536 2.852049 10.726178 
2.837364 6.709619 2.866811 10.784173 
2.852049 6.819046 2.881648 10.842483 
2.866811 6.819046 2.896563 10.901110 
2.881648 6.892988 2.911562 11.019314 
2.896563 6.930258 2.926631 11.078896 
2.911562 6.967731 2.941779 11.138801 
2.926631 7.043285 2.957005 11.199029 
2.941779 7.081367 2.972309 11.320465 
2.957005 7.158151 2.987693 11.381674 
2.972309 7.196855 3.003157 11.505086 
2.987693 7.274893 3.018707 11.567293 
3.003157 7.353778 3.034331 11.629839 
3.018707 7.393540 3.050036 11.692722 
3.034331 7.433518 3.065822 11.755946 
3.050036 7.514122 3.081690 11.883420 
3.065822 7.554751 3.097640 11.883420 
3.081690 7.677961 3.113680 12.012276 
3.097640 7.677961 3.129796 12.077228 
3.113680 7.761216 3.145995 12.142529 
3.129796 7.803182 3.162278 12.208182 
3.145995 7.845374 3.178645 12.274190 
3.162278 7.930444 3.195097 12.340557 
3.178645 7.930444 3.211634 12.474370 
3.195097 8.059783 3.228264 12.541820 
3.211634 8.103362 3.244972 12.609635 
3.228264 8.191228 3.261767 12.677816 
3.244972 8.235517 3.278650 12.815285 
3.261767 8.280046 3.295619 12.884580 
3.278650 8.369830 3.312676 13.024292 
3.295619 8.460587 3.329830 13.024292 
3.312676 8.506334 3.347064 13.165516 
3.329830 8.552329 3.364387 13.236704 
3.347064 8.598571 3.381801 13.308274 
3.364387 8.691808 3.399304 13.452581 
3.381801 8.738804 3.416898 13.525321 
3.399304 8.786054 3.434583 13.598453 
3.416898 8.833560 3.452367 13.671980 
3.434583 8.929345 3.470236 13.820230 
3.452367 8.977627 3.488197 13.894958 
3.470236 9.026170 3.506251 13.970088 
3.488197 9.074975 3.524398 14.045623 
3.506251 9.124044 3.542640 14.197921 
3.524398 9.222980 3.560984 14.274691 
3.542640 9.322985 3.579415 14.351874 
3.560984 9.373394 3.597941 14.507497 
3.579415 9.424075 3.616563 14.585940 
3.597941 9.526264 3.635281 14.664808 
3.616563 9.577774 3.654096 14.823824 
3.635281 9.629561 3.673009 14.903976 
3.654096 9.733978 3.692028 14.984560 
3.673009 9.839528 3.711137 15.147039 
3.692028 9.892732 3.730345 15.228941 
3.711137 9.946221 3.749652 15.311284 
3.730345 10.054069 3.769060 15.394074 
3.749652 10.108433 3.788567 15.560997 
3.769060 10.163089 3.808176 15.560997 
3.788567 10.273292 3.827895 15.729731 
3.808176 10.328841 3.847707 15.814783 
3.827895 10.384689 3.867622 15.900294 
3.847707 10.497294 3.887640 15.986269 
3.867622 10.611121 3.907761 16.159610 
3.887640 10.726178 3.927987 16.334835 
3.907761 10.726178 3.948326 16.334835 
3.927987 10.842483 3.968761 16.511960 
3.948326 10.960052 3.989303 16.691005 
3.968761 11.078896 4.009950 16.871993 
3.989303 11.078896 4.030705 16.963222 
4.009950 11.199029 4.051567 17.054942 
4.030705 11.259582 4.072537 17.147158 
4.051567 11.320465 4.093624 17.333085 
4.072537 11.443213 4.114812 17.426804 
4.093624 11.567293 4.136109 17.615770 
4.114812 11.629839 4.157517 17.711020 
4.136109 11.692722 4.179035 17.806784 
4.157517 11.755946 4.200665 17.999870 
4.179035 11.819511 4.222416 18.097196 
4.200665 11.947674 4.244270 18.195050 
4.222416 12.077228 4.266237 18.293430 
4.244270 12.142528 4.288318 18.491786 
4.266237 12.208182 4.310513 18.591771 
4.288318 12.340557 4.332824 18.793368 
4.310513 12.407284 4.355249 18.894985 
4.332824 12.474370 4.377801 18.997152 
4.355249 12.609635 4.400459 19.203146 
4.377801 12.746366 4.423235 19.306977 
4.400459 12.815287 4.446128 19.516330 
4.423235 12.884580 4.469140 19.621852 
4.446128 12.954246 4.492272 19.727945 
4.469140 13.094713 4.515533 19.834614 
4.492272 13.165516 4.538904 20.049688 
4.515533 13.308274 4.562396 20.158099 
4.538904 13.308274 4.586010 20.267095 
4.562396 13.452581 4.609746 20.486859 
4.586010 13.525321 4.633605 20.709006 
4.609746 13.745906 4.657587 20.709006 
4.633605 13.745906 4.681705 20.933562 
4.657587 13.820232 4.705936 21.160546 
4.681705 13.970087 4.730293 21.274965 
4.705936 14.121567 4.754775 21.389998 
4.730293 14.197921 4.779385 21.621938 
4.754775 14.351874 4.804122 21.738850 
4.779385 14.507497 4.828998 21.856393 
4.804122 14.507497 4.853991 22.093391 
4.828998 14.664808 4.879114 22.212850 
4.853991 14.903975 4.904367 22.212850 
4.879114 14.984560 4.929751 22.332958 
4.904367 14.984560 4.955266 22.453712 
5 15.4249782114 5 22.7584507998
6 20.276660437 6 29.9167605046
7 25.5515124904 7 37.699426988
8 31.2179609642 8 46.0598659483
9 37.2506038187 9 54.960598495
10 43.6284267718 10 64.3706195594
11 50.333668033 11 74.2637228917
12 57.3510563793 12 84.6173768958
13 64.6672780532 13 95.411938076
14 72.270591006 14 106.63008188
15 80.1505379034 15 118.25637926
